0,52
0,54
0,53
0,50
0,282
0,315
0,49
0,281
0,313
0,48
0,280
0,312
0,47
0,279
0,314
0,277
0,46
0,45
0,204
0,310
0,309
0,307
25,3
25,2
0,305
25,1
25,0
0,301
0,2
0,196
0,278
0,192
0,319
0,63
0,318
0,62
0,293
0,317
0,61
24,4
24,3
24,2
0,12
0,292
24,1
24,0
0,316
0,58
0,57
0,288
0,286
14,3
0,285
13,3
0,272
0,271
23,3
23,2
0,11
0,275
0,276
0,10
0,9
0,284
0,8
23,1
23,0
0,7
3,3
0,51
0,549
10,316
10,315
0,548
0,243
10,314
0,547
10,313
10,312
0,546
10,311
0,545
10,310
10,309
0,544
10,308
11,30
0,543
10,307
0,542
10,306
10,305
0,541
8,18
8,17
10,304
0,540
10,303
0,539
10,302
10,301
0,538
10,300
0,537
10,299
11,29
10,298
0,536
10,297
0,535
10,296
10,295
0,534
10,294
0,533
10,293
10,292
0,532
10,291
0,531
10,290
10,289
0,530
10,288
0,529
10,287
10,286
0,528
11,28
10,285
0,527
10,284
10,283
0,526
10,282
0,525
9,7
10,281
0,524
10,280
10,279
0,523
10,278
0,522
10,277
10,276
0,521
10,275
0,520
10,274
10,273
0,519
10,272
0,518
10,271
10,270
8,16
0,517
10,269
11,27
0,516
10,268
10,267
0,515
10,266
0,514
10,265
0,513
10,264
10,263
0,512
11,26
10,262
0,511
10,261
0,510
10,260
10,259
0,509
10,258
0,508
10,257
0,507
10,256
11,25
10,255
0,506
10,254
0,505
10,253
10,252
0,504
10,251
0,503
10,250
10,249
0,502
10,248
0,501
10,247
10,246
8,15
0,500
10,245
0,499
10,244
10,243
0,498
10,242
0,497
11,24
10,241
0,496
